after choose_b1(grid), choose_b2(), choose_b3(), choose_col1():

grid =

 2 8 4 | 7 3 9 | 6 5 1
 3 7 9 | 6 1 5 | 8 2 4
 5 1 6 | 2 8 4 | 9 3 7
-------+-------+-------
 1 0 0 | 0 0 0 | 0 0 0
 7 0 0 | 0 0 0 | 0 0 0
 4 0 0 | 0 0 0 | 0 0 0
-------+-------+-------
 8 0 0 | 0 0 0 | 0 0 0
 9 0 0 | 0 0 0 | 0 0 0
 6 0 0 | 0 0 0 | 0 0 0

after init_freedom(grid, freedom):

freedom =

 2 8     4    | 7      3      9      | 6      5     1
 3 7     9    | 6      1      5      | 8      2     4
 5 1     6    | 2      8      4      | 9      3     7
--------------+----------------------+--------------------
 1 23569 2358 | 34589  245679 23678  | 23457  46789 235689
 7 23569 2358 | 134589 24569  12368  | 12345  14689 235689
 4 23569 2358 | 13589  25679  123678 | 12357  16789 235689
--------------+----------------------+--------------------
 8 2345 12357 | 13459  245679 12367  | 123457 14679 23569
 9 2345 12357 | 13458  24567  123678 | 123457 14678 23568
 6 2345 12357 | 134589 24579  12378  | 123457 14789 23589

after choose_rest(grid, freedom):

grid =

set =
0000000010010110

randomly pick v = 3, then  set = 0000000010010010
grid = 
 2 8 4 | 7 3 9 | 6 5 1
 3 7 9 | 6 1 5 | 8 2 4
 5 1 6 | 2 8 4 | 9 3 7
-------+-------+-------
 1 0 3 | 0 0 0 | 0 0 0
 7 0 0 | 0 0 0 | 0 0 0
 4 0 0 | 0 0 0 | 0 0 0
-------+-------+-------
 8 0 0 | 0 0 0 | 0 0 0
 9 0 0 | 0 0 0 | 0 0 0
 6 0 0 | 0 0 0 | 0 0 0

